28.6309 0.498583 0.0 3.471 0.153 Aruba
7.18892 0.217583 3.456 3.687 14.132 Austria
7.09225 0.196417 0.0 -2.519 -6.432 Belarus
28.7322 0.332583 0.0 11.122 0.474 Burkina Faso
9.81967 0.349667 2.953 0.672 2.06 Chile
7.59642 0.17425 8715.23 5.626 663.507 China
29.4769 0.686 0.0 -0.372 -0.013 Djibouti
5.973 0.227 0.0 4.072 2.198 Estonia
8.78708 0.168833 3203.836 1.087 263.854 Europe
28.4898 0.758333 0.0 8.93 0.113 Gambia
9.86175 0.355417 0.005 -7.615 -3.061 Georgia
9.09042 0.18475 677.528 1.766 70.195 Germany
6.81308 0.286083 398.239 12.583 46.355 Kazakhstan
4.781 0.3515 2.193 -5.114 -3.578 Kyrgyzstan
6.53925 0.226667 0.0 7.828 2.916 Latvia
7.12042 0.199333 0.0 16.832 13.04 Lithuania
29.3108 0.629417 0.0 1.18 0.052 Mali
28.8784 0.762083 0.0 4.376 0.221 Mauritania
28.118 0.69975 0.97 -2.078 -0.069 Niger
7.72708 0.245 171.613 -2.745 -7.883 North Korea
28.0833 0.44875 0.0 10.372 11.886 Oman
8.33383 0.24775 838.016 -0.709 -7.207 Poland
28.3057 0.568583 0.0 -3.896 -5.228 Qatar
9.63858 0.217917 66.298 1.142 4.767 Romania
28.9363 0.76725 0.0 8.978 1.787 Senegal
8.30775 0.273167 10.696 2.848 6.164 Slovakia
3.13967 0.223583 0.0 7.358 45.63 Sweden
7.97975 0.238667 0.0 6.742 23.989 Switzerland
5.71817 0.427083 0.157 4.675 2.749 Tajikistan
8.93867 0.172417 419.522 -1.43 -22.58 Ukraine
29.0096 0.322 0.0 1.075 5.758 United Arab Emirates
9.14008 0.22375 232.237 1.105 29.391 United Kingdom
9.78558 0.13875 6555.921 -2.358 -623.204 United States
