28.9683 0.339583 0.0 -6.127 -0.35 Aruba
6.64908 0.257333 0.0 3.401 13.503 Austria
28.0697 0.371833 0.0 1.094 1.864 Bahrain
7.03725 0.22425 0.0 6.178 17.608 Belarus
9.36175 0.224167 0.0 6.573 47.345 Belgium
28.3256 0.286667 0.0 14.684 2.767 Benin
29.2888 0.288167 0.0 9.154 0.689 Burkina Faso
28.6965 0.763833 0.0 10.92 0.153 Chad
9.71283 0.34 3.173 0.438 1.608 Chile
7.54842 0.193667 19367.249 6.931 1877.782 China
29.837 0.648 0.0 13.882 0.442 Djibouti
28.0542 0.52 0.0 -0.307 -0.006 Eritrea
5.043 0.279833 0.0 20.863 12.312 Estonia
8.27983 0.193167 2666.617 3.662 868.812 Europe
28.8029 0.360917 0.0 9.074 0.167 Gambia
8.009 0.1875 533.795 4.193 153.197 Germany
28.1089 0.327167 0.0 4.007 0.045 Grenada
9.25817 0.262333 0.0 -0.263 -0.47 Ireland
6.71 0.25875 552.401 7.408 42.825 Kazakhstan
4.59575 0.3645 2.65 -4.259 -2.643 Kyrgyzstan
5.71108 0.2635 0.0 13.47 5.821 Latvia
6.32583 0.25 0.0 -25.942 -22.948 Lithuania
9.13467 0.191083 0.0 5.302 2.519 Luxembourg
30.1271 0.37375 0.0 9.335 0.993 Mali
29.3729 0.670833 0.0 -0.742 -0.065 Mauritania
9.26458 0.203917 0.0 5.839 62.753 Netherlands
29.2999 0.496 1.411 23.772 1.323 Niger
28.0043 0.34725 0.307 24.459 47.894 Nigeria
7.36192 0.263 238.936 -4.527 -9.988 North Korea
28.4587 0.379417 0.0 18.883 38.23 Oman
7.62142 0.22175 644.183 6.574 71.657 Poland
28.8896 0.429667 0.0 16.187 46.458 Qatar
9.85167 0.324 68.658 0.718 2.814 Romania
28.0059 0.32425 0.0 4.519 0.078 Saint Lucia
29.3023 0.366333 0.0 3.755 0.972 Senegal
8.073 0.274 7.428 6.475 12.325 Slovakia
28.6477 0.407167 0.0 13.248 10.279 Sudan
7.2265 0.20225 0.0 -2.675 -9.387 Switzerland
5.56408 0.364667 1.31 3.33 1.843 Tajikistan
28.0594 0.33925 0.0 -4.721 -0.573 Togo
9.453 0.25275 373.846 6.964 92.184 Ukraine
29.6713 0.39425 0.0 5.022 46.479 United Arab Emirates
8.39433 0.206583 132.875 2.34 56.632 United Kingdom
9.50558 0.155083 6135.828 3.378 843.308 United States
