1990 1454.182 576.293 150.246
1991 1234.531 566.701 153.953
1992 1135.491 501.247 156.16
1993 1021.692 481.207 155.404
1994 941.432 459.747 162.921
1995 919.346 461.357 168.117
1996 860.474 464.133 182.062
1997 824.191 436.496 178.967
1998 756.048 459.861 174.87
1999 735.945 428.751 186.783
2000 706.087 498.786 176.654
2001 677.528 505.24 178.334
2002 679.462 535.861 177.868
2003 672.2 562.052 185.157
2004 679.345 529.106 171.335
2005 657.931 520.359 165.427
2006 620.454 526.078 163.422
2007 632.836 517.691 149.697
2008 582.616 470.885 136.351
2009 539.803 431.347 127.462
2010 533.795 384.632 111.24
2011 543.483 400.19 104.655
2012 555.595 400.706 94.614
2013 524.756 403.03 86.041
