15.7781 0.539083 0.145 -21.13 -1.25 Afghanistan
24.8412 0.185917 -3.761 3.507 111.993 Africa
13.6904 0.337417 -0.025 -5.216 -1.499 Albania
24.7244 0.41075 0.0 3.622 10.865 Algeria
27.2276 0.373833 0.0 0.0 0.0 American Samoa
22.5029 0.752417 0.0 8.586 2.786 Angola
15.3704 0.2105 -0.48 -2.581 -18.304 Argentina
10.4434 0.370833 0.0 -1.656 -0.487 Armenia
28.6309 0.498583 0.0 3.471 0.153 Aruba
21.7928 0.161417 161.101 0.793 10.333 Australia
7.18892 0.217583 -0.117 3.687 14.132 Austria
13.0973 0.3675 0.0 -3.596 -4.721 Azerbaijan
25.5807 0.30975 0.0 1.916 0.315 Bahamas
27.431 0.37425 0.0 3.498 3.913 Bahrain
25.337 0.266583 0.0 14.282 19.422 Bangladesh
27.2218 0.22475 0.0 0.06 0.004 Barbados
7.09225 0.196417 0.0 -2.519 -6.432 Belarus
10.5433 0.212583 0.0 -0.863 -6.386 Belgium
25.5239 0.354083 0.0 10.076 0.243 Belize
27.6758 0.315 0.0 13.814 0.948 Benin
12.4257 0.389 0.168 10.393 0.517 Bhutan
21.2341 0.252917 0.0 -14.423 -6.287 Bolivia
22.3505 0.318833 -0.163 5.123 0.735 Botswana
25.5044 0.169917 -4.418 -2.115 -47.236 Brazil
27.1332 0.260583 0.0 2.347 0.01 British Virgin Islands
11.6238 0.2415 2.356 3.408 7.358 Bulgaria
28.7322 0.332583 0.0 11.122 0.474 Burkina Faso
20.5103 0.54775 0.0 -14.848 -0.245 Burundi
27.2458 0.248167 0.0 5.934 0.532 Cambodia
24.6519 0.433167 0.0 -0.321 -0.076 Cameroon
-3.10008 0.237167 8.377 -1.991 -71.183 Canada
25.2856 0.774583 0.0 11.318 0.155 Cape Verde
27.3092 0.458667 0.0 1.263 0.026 Cayman Islands
25.7102 0.487 0.0 2.709 0.039 Central African Republic
27.6353 0.6105 0.0 -4.019 -0.041 Chad
9.81967 0.349667 1.076 0.672 2.06 Chile
7.59642 0.17425 489.118 5.626 663.507 China
25.4119 0.286083 45.496 -1.607 -4.948 Colombia
26.4142 0.335667 0.0 4.375 0.019 Comoros
24.7329 0.552417 0.0 22.754 0.875 Congo
26.1143 0.3875 0.0 1.802 0.767 Costa Rica
12.411 0.189833 0.0 5.08 4.846 Croatia
25.8564 0.429417 0.0 -7.907 -8.679 Cuba
20.0118 0.265833 0.0 1.152 0.349 Cyprus
-17.0678 0.6745 0.0 0.245 0.576 Denmark
29.4769 0.686 0.0 -0.372 -0.013 Djibouti
26.9022 0.241417 0.0 7.06 0.037 Dominica
26.3407 0.35925 0.0 -2.797 -2.409 Dominican Republic
22.2361 0.3675 0.0 1.416 1.455 Ecuador
23.6163 0.39475 -0.159 4.371 24.737 Egypt
25.4929 0.308 0.0 3.838 1.129 El Salvador
25.2073 0.405667 0.0 -43.597 -1.403 Equatorial Guinea
27.4106 0.415917 0.0 9.548 0.248 Eritrea
5.973 0.227 0.0 4.072 2.198 Estonia
23.6615 0.484833 0.0 8.883 1.715 Ethiopia
8.78708 0.168833 -24.457 1.087 263.854 Europe
25.7514 0.32525 0.0 3.946 0.306 Fiji
2.09525 0.2405 0.0 2.283 8.034 Finland
13.6965 0.218167 -8.923 1.185 36.372 France
26.3587 0.25725 0.0 83.221 1.873 French Guiana
26.6193 0.387833 0.0 9.726 0.347 French Polynesia
24.5136 0.4375 0.0 7.908 0.908 Gabon
28.4898 0.758333 0.0 8.93 0.113 Gambia
9.86175 0.355417 -0.031 -7.615 -3.061 Georgia
9.09042 0.18475 -28.559 1.766 70.195 Germany
27.2787 0.369917 0.0 0.578 0.24 Ghana
15.9316 0.2615 1.982 0.852 3.174 Greece
-17.5964 0.691167 0.0 -6.663 -0.198 Greenland
27.5072 0.195333 0.0 4.08 0.035 Grenada
27.1453 0.228167 0.0 4.301 0.375 Guadeloupe
27.595 0.3215 0.0 38.455 5.377 Guam
23.5844 0.272833 0.0 4.23 2.015 Guatemala
26.2885 0.70225 0.0 9.564 0.744 Guinea
26.577 0.334417 0.0 -2.262 -0.157 Guyana
27.0138 0.368083 0.0 8.791 0.614 Haiti
25.1547 0.302667 0.0 9.015 2.198 Honduras
23.3679 0.218 0.0 26.305 51.945 Hong Kong
10.5237 0.23575 -3.426 2.435 6.801 Hungary
2.36492 0.328917 0.0 1.034 0.331 Iceland
24.5819 0.202583 22.565 0.427 15.849 India
26.3298 0.188417 106.225 6.945 81.837 Indonesia
19.4738 0.264 -0.272 6.843 95.518 Iran
23.5171 0.441583 0.0 12.528 37.527 Iraq
10.0231 0.227667 0.0 6.007 10.363 Ireland
20.9298 0.253833 0.0 -0.465 -1.086 Israel
13.9543 0.219 0.973 -0.118 -2.472 Italy
26.7031 0.391833 0.0 1.463 0.632 Jamaica
12.45 0.175833 0.422 -0.946 -58.655 Japan
20.7308 0.3095 0.0 -3.952 -2.622 Jordan
6.81308 0.286083 21.007 12.583 46.355 Kazakhstan
24.4583 0.3415 0.0 1.813 0.827 Kenya
27.3923 0.650333 0.0 -14.671 -0.021 Kiribati
26.6548 0.530333 0.0 1.115 2.362 Kuwait
4.781 0.3515 0.235 -5.114 -3.578 Kyrgyzstan
24.1551 0.22225 0.086 6.268 0.71 Laos
6.53925 0.226667 0.0 7.828 2.916 Latvia
19.0628 0.26575 0.0 6.414 3.887 Lebanon
14.3334 0.354167 0.0 1.728 0.043 Lesotho
26.1535 0.598917 0.0 6.656 0.126 Liberia
23.4132 0.676417 0.0 0.805 1.714 Libya
7.12042 0.199333 0.0 16.832 13.04 Lithuania
10.2066 0.233083 0.0 7.162 2.662 Luxembourg
23.5869 0.3185 0.0 -1.867 -0.179 Madagascar
21.9988 0.425833 -0.222 -1.749 -0.119 Malawi
26.5001 0.153333 1.02 0.696 4.241 Malaysia
29.3108 0.629417 0.0 1.18 0.052 Mali
19.9097 0.317417 0.0 10.157 1.881 Malta
26.9022 0.241417 0.0 0.362 0.034 Martinique
28.8784 0.762083 0.0 4.376 0.221 Mauritania
24.4905 0.285917 0.0 2.062 0.331 Mauritius
21.133 0.2475 -14.568 -1.222 -19.904 Mexico
10.0008 0.24525 0.0 -2.174 -0.716 Moldova
0.750333 0.30825 -0.233 -0.198 -0.086 Mongolia
27.2047 0.236583 0.0 0.0 0.0 Montserrat
19.2339 0.326417 -0.24 8.005 9.392 Morocco
24.2509 0.32125 0.049 26.529 8.299 Mozambique
21.2372 0.619583 0.0 15.737 1.996 Namibia
15.5902 0.377333 -0.034 5.52 0.812 Nepal
10.579 0.19575 0.0 3.834 38.556 Netherlands
23.4988 0.242333 0.0 -4.372 -0.438 New Caledonia
11.1911 0.211083 3.455 -0.844 -1.889 New Zealand
26.41 0.292667 0.0 6.15 1.002 Nicaragua
28.118 0.69975 0.03 -2.078 -0.069 Niger
27.0947 0.3985 0.151 13.171 29.568 Nigeria
25.8071 0.489583 0.0 2.482 0.001 Niue
7.72708 0.245 4.457 -2.745 -7.883 North Korea
27.595 0.3215 0.0  0.0 Northern Mariana Islands
0.7025 0.286 9.507 -9.288 -51.545 Norway
28.0833 0.44875 0.0 10.372 11.886 Oman
21.9304 0.35525 0.157 2.338 11.225 Pakistan
26.6658 0.421333 0.0 1.636 1.097 Panama
25.0547 0.313167 0.0 14.368 2.174 Papua New Guinea
24.2883 0.283583 0.0 -11.073 -13.807 Paraguay
20.2258 0.306333 0.024 -1.276 -1.861 Peru
27.1043 0.184417 -0.795 -1.472 -4.406 Philippines
8.33383 0.24775 1.877 -0.709 -7.207 Poland
15.4078 0.24475 0.0 1.311 3.812 Portugal
26.2703 0.209667 0.0 8.846 11.446 Puerto Rico
28.3057 0.568583 0.0 -3.896 -5.228 Qatar
24.2734 0.336417 0.0 0.413 0.047 Reunion
9.63858 0.217917 1.13 1.142 4.767 Romania
-4.49067 0.220417 80.596 1.565 112.298 Russia
19.6612 0.5885 0.0 -1.655 -0.048 Rwanda
27.4213 0.203333 0.0 8.444 0.124 Saint Lucia
26.9538 0.36475 0.0 6.849 0.064 Samoa
26.7697 0.36125 0.0 6.551 87.453 Saudi Arabia
28.9363 0.76725 0.0 8.978 1.787 Senegal
10.9132 0.25525 -2.031   Serbia
27.4678 0.673583 0.0 7.57 0.285 Seychelles
26.8268 0.72175 0.0 25.484 0.478 Sierra Leone
27.1893 0.263083 0.0 13.54 59.97 Singapore
8.30775 0.273167 -0.7 2.848 6.164 Slovakia
10.8947 0.260583 -1.157 4.571 3.549 Slovenia
27.4483 0.411 0.0 4.595 0.049 Solomon Islands
27.4778 0.701917 0.0 1.66 0.049 Somalia
17.8679 0.221417 -4.199 0.524 6.2 South Africa
12.8426 0.19225 -1.743 2.496 55.06 South Korea
14.6161 0.212583 -5.559 4.462 67.702 Spain
27.6631 0.30525 0.0 -2.004 -0.995 Sri Lanka
27.7258 0.371417 0.0 7.438 2.313 Sudan
26.8041 0.297167 0.0 -1.274 -0.107 Suriname
3.13967 0.223583 0.0 7.358 45.63 Sweden
7.97975 0.238667 0.0 6.742 23.989 Switzerland
19.3962 0.303083 0.0 -1.18 -2.57 Syria
22.7962 0.2555 -0.63 3.221 33.284 Taiwan
5.71817 0.427083 0.013 4.675 2.749 Tajikistan
22.7475 0.333667 -0.011 15.187 2.656 Tanzania
26.6798 0.188917 5.314 5.17 37.999 Thailand
27.4105 0.324917 0.0 -13.758 -0.653 Togo
23.9951 0.337083 0.0 -9.93 -0.044 Tonga
21.7013 0.250333 0.0 11.003 9.801 Tunisia
13.2832 0.225667 -2.404 -9.057 -77.806 Turkey
16.5738 0.289583 0.0 26.22 31.417 Turkmenistan
23.4058 0.506 0.0 1.945 0.201 Uganda
8.93867 0.172417 -3.174 -1.43 -22.58 Ukraine
29.0096 0.322 0.0 1.075 5.758 United Arab Emirates
9.14008 0.22375 4.853 1.105 29.391 United Kingdom
9.78558 0.13875 225.963 -2.358 -623.204 United States
18.5742 0.370667 0.0 9.501 4.567 Uruguay
13.998 0.261917 0.686 0.348 2.077 Uzbekistan
25.7713 0.247917 -1.613 4.013 32.386 Venezuela
24.1849 0.212583 11.645 12.93 27.109 Vietnam
23.7049 0.7785 0.0 0.0 0.0 Western Sahara
27.0689 0.771083 0.0 7.608 4.575 Yemen
21.8024 0.505333 0.03 4.659 1.36 Zambia
21.6937 0.314 0.761 -5.586 -3.252 Zimbabwe
