1990 136.336 866.205 2.258
1991 127.976 1026.697 2.162
1992 140.924 966.702 2.109
1993 134.32 858.314 2.13
1994 140.803 800.279 2.119
1995 140.524 738.207 1.938
1996 142.998 725.3 2.194
1997 152.568 719.79 2.697
1998 162.179 680.775 6.017
1999 154.5 607.07 7.784
2000 145.238 534.404 6.805
2001 142.833 478.432 3.323
2002 132.12 458.409 4.025
2003 125.336 437.299 5.963
2004 122.49 406.147 7.327
2005 130.419 411.496 9.552
2006 153.051 392.315 9.637
2007 172.089 377.032 9.51
2008 193.919 378.875 10.841
2009 202.385 414.51 7.291
2010 203.804 427.6 7.266
2011 207.816 398.45 8.089
2012 197.908 384.654 6.734
2013 179.699 389.695 5.725
